Cam:0current: [0, 0, 0, 0, 0, 0, 0, 45, 4, -2]4627.234286298595best:[0, 0, 0, 0, 0, 0, 0, 45, 4, -2]score4627.234286298595
Cam:0current: [30, 0, 0, 0, 0, 0, 0, 45, 4, -2]4644.718520770074best:[0, 0, 0, 0, 0, 0, 0, 45, 4, -2]score4627.234286298595
